%YAML:1.0
image_width: 1280
image_height: 720
camera_matrix: !!opencv-matrix
   rows: 3
   cols: 3
   dt: d
   data: [ 1.3442848643472917e+03, 0., 6.3950000000000000e+02, 0.,
       1.3442848643472917e+03, 3.5950000000000000e+02, 0., 0., 1. ]
distortion_coefficients: !!opencv-matrix
   rows: 1
   cols: 5
   dt: d
   data: [ 7.9440223269640672e-03, -5.6562236732221527e-01,
       0., 0.,
       1.6991852512288661e+00 ] 
