%YAML:1.0
image_width: 1280
image_height: 720
camera_matrix: !!opencv-matrix
   rows: 3
   cols: 3
   dt: d
   data: [ 9.1676592772915171e+02, 0. 6.3950000000000000e+02, 0.,
       9.1676592772915171e+02, 3.5950000000000000e+02, 0., 0., 1. ]
distortion_coefficients: !!opencv-matrix
   rows: 1
   cols: 5
   dt: d
   data: [ 9.1903416292720433e-02, -1.3704606889408677e-01,
        0., 0.,
       -7.7200326475186570e-02 ]
