<?xml version="1.0"?>
<opencv_storage>
<calibration_Time>"Fri Sep 18 11:42:03 2015"</calibration_Time>
<nrOfFrames>28</nrOfFrames>
<image_Width>1280</image_Width>
<image_Height>720</image_Height>
<board_Width>10</board_Width>
<board_Height>7</board_Height>
<square_Size>8.0200001597404480e-02</square_Size>
<FixAspectRatio>1.</FixAspectRatio>
<!-- flags:  +fix_aspectRatio +fix_principal_point +zero_tangent_dist -->
<flagValue>14</flagValue>
<Camera_Matrix type_id="opencv-matrix">
  <rows>3</rows>
  <cols>3</cols>
  <dt>d</dt>
  <data>
    9.1676592772915171e+02 0. 6.3950000000000000e+02 0.
    9.1676592772915171e+02 3.5950000000000000e+02 0. 0. 1.</data></Camera_Matrix>
<Distortion_Coefficients type_id="opencv-matrix">
  <rows>5</rows>
  <cols>1</cols>
  <dt>d</dt>
  <data>
    9.1903416292720433e-02 -1.3704606889408677e-01 0. 0.
    -7.7200326475186570e-02</data></Distortion_Coefficients>
<Avg_Reprojection_Error>3.1154208158188507e-01</Avg_Reprojection_Error>
<Per_View_Reprojection_Errors type_id="opencv-matrix">
  <rows>28</rows>
  <cols>1</cols>
  <dt>f</dt>
  <data>
    3.76909465e-01 3.48707825e-01 3.55520725e-01 3.50078166e-01
    3.88672888e-01 3.53403449e-01 3.59439224e-01 3.47677261e-01
    4.04985309e-01 3.48095000e-01 3.31044018e-01 2.88874149e-01
    2.69814730e-01 3.47336113e-01 2.65556961e-01 2.79576063e-01
    2.81590611e-01 2.94974327e-01 2.89287150e-01 2.61613697e-01
    2.56061792e-01 2.83580363e-01 2.75930256e-01 2.68556356e-01
    2.19072744e-01 2.16750830e-01 2.85850257e-01 2.63218641e-01</data></Per_View_Reprojection_Errors>
<!-- a set of 6-tuples (rotation vector + translation vector) for each view -->
<Extrinsic_Parameters type_id="opencv-matrix">
  <rows>28</rows>
  <cols>6</cols>
  <dt>d</dt>
  <data>
    1.4318586507450219e+00 6.2963572157721970e-01 2.6315512124339566e+00
    7.6875855926744641e-01 1.6286118959675322e-01 1.7946166903589660e+00
    1.1155786302929132e+00 -1.9185211145056805e-01
    1.6156146120933770e+00 3.6301628779621919e-01
    -5.4425273458239720e-01 1.8583803057255524e+00
    1.0128803835090034e+00 -1.1057247849693752e-01
    1.6943035856687336e+00 2.7075947842626930e-01
    -3.0795383329709253e-01 1.9023053936710657e+00
    8.6125279543431010e-01 -1.2110414812816724e-01
    1.8252652461514514e+00 -3.4459476744970033e-02
    -1.7495424497418224e-01 1.9346928153954159e+00
    5.8176103443687555e-01 -6.2646880147507036e-02
    2.0195961574958843e+00 -5.1374389339420656e-01
    1.1658200452941055e-01 1.8742476861269159e+00 1.0056613555539398e+00
    -9.6605436099088227e-02 1.8297530983032220e+00
    1.7659896063397507e-01 -2.6585329054243051e-01
    1.9425479680017401e+00 1.1746144615983543e+00 2.0201838252899045e-02
    1.6714271340684335e+00 6.1334623339967498e-01
    -2.7864751185666686e-01 1.8499648773717994e+00
    8.2827433436599407e-01 9.8310380554206420e-02 2.0162728082695551e+00
    -4.1398714873838123e-02 1.2130467235220327e-01
    1.9472503563848187e+00 6.0490541657823327e-01 1.1422545393185290e-01
    2.2452952235252575e+00 -5.0702731617327057e-01
    1.8079744824288915e-01 1.8830703975407430e+00 6.6490081794358247e-01
    6.0004437457003047e-02 2.1806581691577200e+00
    -2.7242803141539002e-01 -8.9721380750077372e-03
    1.9125229087881439e+00 3.7501244202811534e-01 1.2109346458014073e-01
    2.2397091762235322e+00 -4.0481794238651087e-01
    9.3862293018677316e-03 1.9803758206860802e+00 2.8929220763158581e-01
    1.4769757993719929e-01 2.2198273358998799e+00
    -2.4070002861496070e-01 -2.3421017623523196e-01
    1.9193728238405405e+00 4.1334149065335651e-01 1.8937880690019426e-01
    2.1700605567703910e+00 5.7689214556358420e-02
    -3.6836150588761252e-01 1.7889540663253172e+00
    2.8924841385284622e-01 4.0475018790095624e-01 2.0963785132260067e+00
    1.4507808406177272e-01 -2.2175636789570299e-01
    1.5226810822724020e+00 1.1255316990960755e-01 5.6498721840224764e-01
    2.1531579648157728e+00 4.3551673279731368e-01
    -3.4038813938484608e-01 1.6781849856708044e+00
    3.9964865199442472e-02 6.8711207011380471e-01 2.1438225744555570e+00
    6.9041800072542259e-01 -3.5256489147688108e-01
    1.7984681850607058e+00 -4.0756357995257730e-02
    7.8325294658259947e-01 2.1634840114587841e+00 9.0547108294862599e-01
    -2.8443155252545377e-01 1.9328318489257432e+00
    -1.1189994147924782e-01 7.1739651595764597e-01
    2.1716040083259496e+00 9.1547284151622288e-01
    -4.8824562570698266e-01 2.1170480122071114e+00
    -1.4661182322866323e-01 9.3074495993082618e-01
    2.2223632027146691e+00 1.1460767703290193e+00 7.0373013372483986e-03
    2.0570199997095142e+00 -3.7565268211476621e-01
    8.6953206287188023e-01 2.2449978069952041e+00 6.8674680901313867e-01
    1.6029162289952212e-01 2.2331034136164916e+00
    -5.5771785687054709e-01 8.0202870495967271e-01
    2.2471599499554435e+00 2.9061106820182803e-01 2.2102046698495736e-01
    2.3263105776556565e+00 -7.0216113747044484e-01
    7.3801992432569430e-01 2.2036966454683338e+00
    -1.2049317317908773e-01 1.7187816816215418e-01
    2.3754978917277398e+00 -5.7332961835967944e-01
    4.3792492574467223e-01 2.1700802571931703e+00
    -2.0624512362090483e-01 -4.6343373939942784e-01
    2.3440003679699903e+00 -4.1208332307274992e-01
    4.9362034619842171e-01 2.2927010449486658e+00 3.2556150517061005e-01
    -2.4863862349419236e-01 2.0890042149273746e+00
    -5.1642270253386935e-01 3.3998261918990835e-01
    2.2067983966170752e+00 2.5190596897104456e-01
    -6.9988102162420887e-03 2.2075414653348622e+00
    -4.4434287785133381e-01 3.8053762055390600e-01
    2.1538136563288193e+00 4.8349180224504379e-01 8.1129025725283979e-02
    2.2009163545485575e+00 -6.0425158194118511e-01
    7.1893361008508994e-01 2.8557442663936272e+00 3.8852673182517256e-01
    4.8731792353649489e-01 2.0627410673708755e+00
    -6.4452009224342377e-01 6.0190785820215398e-01
    2.8498509369484903e+00 3.6593882223650703e-01 7.1645103944019184e-02
    2.3158652709207512e+00</data></Extrinsic_Parameters>
